30 93
0 4
0 14
0 25
1 8
1 10
1 11
1 12
1 15
1 17
1 19
1 24
1 25
2 6
2 8
2 12
2 20
2 26
3 5
3 15
3 17
3 18
3 22
3 26
3 28
4 5
4 9
4 10
4 11
4 27
5 15
5 21
5 23
5 27
6 14
6 19
6 22
6 24
6 28
7 8
7 25
7 27
7 28
8 21
8 23
8 27
9 19
9 21
9 23
10 22
10 24
10 25
10 26
10 27
11 17
11 18
11 21
11 23
11 29
12 14
12 16
12 22
13 15
13 21
13 23
13 24
13 25
13 27
13 28
14 15
14 16
14 17
14 22
14 27
15 28
16 19
16 27
17 19
17 21
17 24
17 26
17 27
18 25
18 26
18 27
20 22
22 23
22 28
22 29
24 25
24 26
25 26
25 27
27 29
