50 242
0 4
0 11
0 15
0 16
0 20
0 26
0 33
0 38
0 40
0 41
0 43
1 6
1 30
1 33
1 34
1 36
1 47
2 3
2 8
2 14
2 25
2 31
2 37
2 41
2 46
3 23
3 31
3 34
4 5
4 15
4 16
4 21
4 23
4 29
4 30
4 36
4 37
4 38
4 39
4 43
5 12
5 13
5 16
5 18
5 21
5 22
5 27
5 28
5 30
5 34
5 35
5 44
6 12
6 13
6 14
6 15
6 26
6 29
6 35
6 36
6 40
6 41
6 43
7 14
7 15
7 17
7 26
7 28
7 31
7 40
7 45
8 12
8 17
8 20
8 34
8 36
8 40
8 44
8 45
9 13
9 21
9 27
9 28
9 33
9 41
9 49
10 14
10 15
10 19
10 21
10 23
10 25
10 29
10 30
10 37
10 39
10 44
10 49
11 23
11 28
11 31
11 32
11 34
11 38
11 42
12 19
12 22
12 39
12 40
12 44
12 46
12 48
13 19
13 24
13 29
13 42
13 43
13 48
13 49
14 20
14 27
14 30
14 38
14 40
14 44
14 46
14 48
15 19
15 24
15 26
15 27
15 38
15 44
15 45
15 46
15 49
16 18
16 27
16 38
16 49
17 18
17 23
17 25
17 28
17 37
17 47
18 26
18 27
18 41
18 43
18 48
19 22
19 29
20 26
20 32
20 46
20 49
21 24
21 28
21 38
21 41
21 42
22 39
22 43
22 45
22 48
23 27
23 28
23 32
23 39
23 44
23 45
23 46
23 47
24 27
24 31
24 37
24 38
24 46
25 36
25 38
26 31
26 35
26 42
27 29
27 31
27 33
27 37
27 48
28 42
28 46
28 47
29 31
29 32
29 36
29 41
29 42
29 43
30 31
30 36
30 40
30 42
30 44
30 49
31 41
31 42
32 34
32 38
32 40
32 47
33 35
33 38
33 41
33 43
33 46
34 37
34 38
34 45
35 38
36 42
36 47
37 39
37 40
37 44
37 48
38 42
38 43
38 46
38 49
39 44
40 48
40 49
42 43
42 44
42 45
42 49
43 48
44 47
44 48
44 49
46 48
47 49
