100 1046
0 1
0 2
0 3
0 8
0 9
0 18
0 21
0 22
0 26
0 31
0 35
0 38
0 49
0 50
0 54
0 56
0 58
0 60
0 64
0 67
0 69
0 74
0 76
0 83
0 84
0 85
0 91
0 92
1 4
1 6
1 7
1 8
1 22
1 26
1 30
1 42
1 47
1 48
1 50
1 52
1 55
1 56
1 58
1 61
1 64
1 72
1 73
1 78
1 86
1 91
1 92
1 94
1 96
1 98
2 3
2 8
2 12
2 38
2 40
2 47
2 48
2 49
2 53
2 63
2 67
2 74
2 98
3 4
3 7
3 9
3 25
3 26
3 31
3 41
3 43
3 45
3 46
3 48
3 49
3 52
3 54
3 62
3 68
3 70
3 71
3 75
3 86
3 92
3 93
3 97
4 5
4 12
4 16
4 21
4 23
4 33
4 38
4 39
4 50
4 58
4 60
4 64
4 67
4 72
4 73
4 76
4 82
4 83
4 88
4 95
5 8
5 23
5 25
5 26
5 27
5 34
5 40
5 58
5 66
5 70
5 72
5 73
5 74
5 75
5 79
5 85
5 93
5 96
5 98
6 15
6 20
6 22
6 29
6 37
6 49
6 50
6 54
6 55
6 60
6 80
6 82
6 95
7 9
7 10
7 12
7 15
7 17
7 23
7 24
7 26
7 37
7 47
7 51
7 54
7 63
7 73
7 74
7 76
7 82
7 89
7 92
7 94
7 98
8 16
8 17
8 18
8 20
8 25
8 27
8 28
8 30
8 31
8 33
8 39
8 43
8 50
8 51
8 56
8 64
8 65
8 66
8 70
8 71
8 72
8 73
8 82
8 83
8 88
8 89
9 15
9 17
9 18
9 20
9 28
9 30
9 31
9 38
9 51
9 60
9 63
9 64
9 65
9 80
9 84
9 92
9 98
10 18
10 25
10 26
10 35
10 36
10 38
10 42
10 48
10 49
10 59
10 78
10 82
10 85
10 87
10 88
10 90
10 93
10 95
10 96
10 97
10 98
11 19
11 20
11 30
11 32
11 37
11 43
11 46
11 47
11 60
11 62
11 68
11 74
11 76
11 80
11 91
11 97
12 14
12 17
12 20
12 25
12 32
12 34
12 37
12 40
12 45
12 51
12 59
12 64
12 65
12 66
12 69
12 87
12 88
13 14
13 18
13 21
13 25
13 26
13 27
13 36
13 37
13 41
13 44
13 46
13 56
13 78
13 80
13 81
13 82
13 89
13 92
13 94
13 99
14 15
14 21
14 26
14 29
14 30
14 36
14 38
14 49
14 57
14 58
14 60
14 68
14 81
14 88
14 93
15 17
15 23
15 28
15 46
15 47
15 51
15 53
15 55
15 57
15 69
15 70
15 71
15 79
15 87
15 92
15 95
16 22
16 30
16 37
16 39
16 43
16 52
16 53
16 62
16 64
16 65
16 66
16 73
16 86
16 88
16 89
16 91
16 93
16 96
17 18
17 22
17 29
17 34
17 37
17 41
17 55
17 58
17 71
17 78
17 80
17 82
17 93
17 96
17 98
18 19
18 20
18 21
18 23
18 24
18 30
18 35
18 37
18 38
18 43
18 44
18 49
18 51
18 59
18 63
18 67
18 89
18 96
18 97
19 24
19 26
19 29
19 35
19 36
19 38
19 40
19 43
19 45
19 51
19 52
19 58
19 61
19 62
19 68
19 70
19 72
19 77
19 79
19 84
19 88
19 90
19 96
19 97
20 25
20 29
20 30
20 31
20 45
20 54
20 64
20 71
20 75
20 82
20 86
20 87
20 89
20 98
20 99
21 23
21 26
21 28
21 46
21 55
21 60
21 61
21 62
21 64
21 72
21 76
21 82
21 86
21 96
22 28
22 33
22 47
22 59
22 60
22 61
22 69
22 72
22 77
22 81
22 83
22 92
22 93
22 96
23 29
23 31
23 35
23 38
23 40
23 41
23 42
23 43
23 46
23 47
23 55
23 58
23 59
23 67
23 71
23 78
23 82
23 87
23 91
23 97
23 98
24 26
24 29
24 31
24 34
24 36
24 40
24 47
24 53
24 65
24 69
24 79
24 87
24 88
24 95
24 98
25 32
25 34
25 39
25 48
25 51
25 52
25 67
25 74
25 94
26 27
26 30
26 33
26 37
26 39
26 41
26 45
26 53
26 54
26 63
26 64
26 67
26 78
26 82
26 85
26 94
26 96
26 97
26 98
27 35
27 37
27 40
27 43
27 46
27 47
27 51
27 61
27 66
27 67
27 70
27 74
27 89
27 91
27 98
28 30
28 31
28 33
28 38
28 39
28 41
28 44
28 45
28 52
28 65
28 71
28 73
28 79
28 80
28 81
28 90
28 92
28 95
28 98
28 99
29 31
29 34
29 40
29 41
29 44
29 50
29 53
29 63
29 70
29 72
29 75
29 76
29 77
29 84
29 86
29 89
29 96
30 36
30 37
30 40
30 47
30 48
30 51
30 54
30 56
30 59
30 60
30 69
30 72
30 73
30 86
30 88
30 91
30 92
30 96
30 97
31 32
31 35
31 36
31 39
31 40
31 43
31 47
31 53
31 64
31 67
31 76
31 85
31 91
31 96
31 99
32 33
32 35
32 37
32 38
32 39
32 41
32 43
32 46
32 49
32 50
32 54
32 63
32 67
32 68
32 69
32 76
32 79
32 80
32 84
32 91
32 94
33 35
33 42
33 48
33 51
33 55
33 60
33 67
33 71
33 74
33 91
33 93
33 96
33 99
34 50
34 55
34 56
34 59
34 68
34 69
34 70
34 72
34 79
34 84
34 85
34 86
34 87
34 89
35 36
35 42
35 46
35 56
35 57
35 61
35 66
35 70
35 76
35 82
35 89
35 93
35 96
35 98
36 39
36 42
36 45
36 46
36 47
36 60
36 71
36 78
36 87
36 91
37 41
37 47
37 53
37 61
37 68
37 70
37 82
37 84
37 89
37 93
38 41
38 44
38 49
38 50
38 52
38 56
38 65
38 75
38 95
39 41
39 47
39 65
39 66
39 67
39 75
39 78
39 84
39 99
40 44
40 47
40 49
40 53
40 60
40 63
40 66
40 69
40 73
40 78
40 81
40 86
40 88
40 94
40 96
40 99
41 49
41 54
41 56
41 57
41 79
41 88
41 89
41 91
41 94
41 99
42 54
42 58
42 66
42 70
42 73
42 84
42 90
42 93
43 48
43 51
43 56
43 61
43 70
43 75
43 79
43 80
43 86
43 89
43 92
43 94
44 46
44 47
44 48
44 61
44 64
44 71
44 74
44 76
44 80
44 89
44 93
44 95
44 99
45 54
45 65
45 69
45 86
45 88
45 98
45 99
46 57
46 60
46 61
46 66
46 68
46 69
46 71
46 88
46 91
46 94
47 49
47 63
47 72
47 77
47 80
47 84
47 96
48 51
48 62
48 64
48 66
48 72
48 80
48 85
48 88
48 92
48 98
49 51
49 53
49 58
49 59
49 67
49 74
49 75
49 83
49 86
49 87
49 88
50 57
50 58
50 63
50 66
50 68
50 77
50 81
50 84
50 88
50 96
50 98
51 54
51 60
51 64
51 75
51 76
51 79
51 80
51 82
51 86
51 87
52 55
52 56
52 61
52 66
52 68
52 77
52 79
52 81
52 87
52 89
53 54
53 55
53 57
53 61
53 68
53 69
53 71
53 72
53 77
53 78
53 81
53 85
53 88
53 95
53 96
54 58
54 62
54 65
54 75
54 76
54 92
54 93
54 98
55 64
55 65
55 67
55 68
55 72
55 75
55 80
55 83
55 85
55 87
55 99
56 58
56 62
56 66
56 76
56 79
56 81
56 84
56 91
57 59
57 64
57 71
57 81
57 84
58 59
58 63
58 72
58 75
58 79
58 81
58 83
58 99
59 68
59 69
59 72
59 76
59 77
59 80
59 85
59 90
59 95
59 98
60 69
60 70
60 77
61 64
61 67
61 68
61 73
61 78
61 80
61 83
61 88
61 89
61 91
61 92
61 94
61 97
62 66
62 76
62 77
62 80
62 81
62 82
62 85
62 87
62 93
62 95
62 96
62 97
62 99
63 68
63 69
63 74
63 79
63 85
63 88
63 96
64 74
64 76
64 78
64 80
64 92
64 94
65 71
65 79
65 85
65 88
65 92
65 99
66 68
66 69
66 74
66 75
66 78
66 86
67 68
67 69
67 72
67 74
67 78
67 81
67 88
67 89
67 95
68 72
68 73
68 76
68 80
68 83
68 87
68 89
68 94
68 96
68 98
69 73
69 81
69 90
69 94
70 73
70 81
70 82
70 86
70 95
70 97
71 82
71 86
71 90
71 93
71 96
72 77
72 78
72 81
72 85
72 89
72 96
73 76
73 79
73 82
73 90
73 96
74 78
74 80
75 78
75 79
75 82
75 85
75 91
75 92
75 95
75 97
75 99
76 78
76 80
76 84
76 85
76 87
76 88
76 89
77 82
77 86
77 91
77 92
77 98
78 80
78 88
78 89
78 94
78 99
79 81
79 88
79 96
80 84
80 92
81 87
81 98
82 84
82 89
82 99
83 91
83 92
83 93
84 98
85 90
85 92
85 94
86 92
87 93
87 96
87 99
88 91
88 97
89 92
90 92
90 93
90 95
90 96
91 92
91 93
91 96
92 93
92 94
92 95
92 99
93 94
93 95
93 97
94 98
